1.7387744 1.5977596 0.5384652 -0.0960743 -0.0969251 -0.0876389 -0.2986659 -0.2984770 -0.2982707 -0.2981762 0.4842145 0.1386280 0.1447616 -0.0865656 -0.0385960 -0.0368384 -0.1885126 -0.1898101 0.4763942 0.4773382 -0.1755991 -0.1734036 -0.1584113 -0.0323740 -0.0337254 -0.0417494 -0.0338648 -0.0320248 -0.2086535 -0.2020064 -0.2357333 -0.2367929 -0.2188251 -0.1613298 -0.1644235 -0.1874420 -0.1879093 -0.1764688 -0.1674790 -0.1725700 -0.1717336 -0.2175380 -0.0836967 -0.0976157 -0.0837287 0.0284961 -0.0285741 -0.0239013 -0.0278677 -0.0295429 -0.0228551 -0.0191220 -0.0262175 -0.0289893 -0.0267034 -0.0348843 -0.0337692 -0.0364571 -0.0377844 -0.0311638 -0.0368720 -0.0395600
1.5977596 1.7299049 0.5314931 -0.0922146 -0.0930217 -0.0836706 -0.2988157 -0.2984145 -0.2982488 -0.2982401 0.4786973 0.1441081 0.1526211 -0.0833251 -0.0382800 -0.0352747 -0.1902625 -0.1917405 0.4728104 0.4715944 -0.1762826 -0.1750162 -0.1602486 -0.0323654 -0.0340400 -0.0391548 -0.0338489 -0.0317322 -0.2102716 -0.2044385 -0.2372570 -0.2388550 -0.2209430 -0.1623409 -0.1637565 -0.1882882 -0.1889757 -0.1753906 -0.1651628 -0.1738603 -0.1720951 -0.2196484 -0.0830226 -0.0961662 -0.0829285 0.0288468 -0.0283262 -0.0211127 -0.0260169 -0.0293619 -0.0222148 -0.0190382 -0.0253696 -0.0287375 -0.0248089 -0.0357260 -0.0335025 -0.0369509 -0.0368330 -0.0321808 -0.0376014 -0.0385884
0.5384652 0.5314931 1.5306494 -0.1043870 -0.1051511 -0.0947893 -0.2990173 -0.2986468 -0.2986671 -0.2985743 0.1985763 0.4750022 0.4848393 -0.0964802 -0.0394544 -0.0379123 -0.1782526 -0.1784861 0.8575470 0.8588516 -0.1552538 -0.1506423 -0.1222940 -0.0345632 -0.0323119 -0.0348413 -0.0317477 -0.0333089 -0.2045476 -0.1993328 -0.2306376 -0.2317719 -0.2146142 -0.1558376 -0.1550131 -0.1892164 -0.1857045 -0.1672317 -0.1642211 -0.1738332 -0.1687654 -0.2111577 -0.0754852 -0.0901491 -0.0794035 0.0216413 -0.0287355 -0.0254372 -0.0299280 -0.0293557 -0.0221525 -0.0226476 -0.0239288 -0.0298879 -0.0287471 -0.0358445 -0.0368538 -0.0397328 -0.0384386 -0.0334531 -0.0379142 -0.0397726
-0.0960743 -0.0922146 -0.1043870 2.3342609 2.2150822 1.9326074 -0.2785417 -0.2777132 -0.2770487 -0.2768598 0.0496879 -0.0818127 -0.0873805 1.9704859 -0.1345058 -0.1312381 -0.1594243 -0.1610714 -0.0980815 -0.0971115 -0.1616667 -0.1590424 -0.1493104 -0.1279593 -0.1287469 -0.1273029 -0.1275369 -0.1279921 -0.1992670 -0.2011729 -0.2288233 -0.2252480 -0.2074641 -0.1945082 -0.1945339 -0.1841018 -0.1830966 -0.1808457 -0.1803025 -0.1785683 -0.1718209 -0.2227679 -0.1303669 -0.1261679 -0.1294811 -0.1030784 -0.0796944 -0.1357768 -0.1322146 -0.1327865 -0.1312285 -0.1319221 -0.1330591 -0.1323173 -0.1314361 -0.1028355 -0.1042699 -0.1000787 -0.1057628 -0.1051223 -0.1055867 -0.1054655
-0.0969251 -0.0930217 -0.1051511 2.2150822 2.3779702 1.9575232 -0.2775993 -0.2765605 -0.2760701 -0.2760139 0.0510698 -0.0845739 -0.0913706 2.0006506 -0.1360471 -0.1332474 -0.1608206 -0.1625258 -0.1003073 -0.1002780 -0.1631420 -0.1609589 -0.1508819 -0.1288303 -0.1286363 -0.1292195 -0.1291095 -0.1297408 -0.2011532 -0.2031328 -0.2310165 -0.2263127 -0.2077487 -0.1971586 -0.1961963 -0.1846868 -0.1858804 -0.1838839 -0.1841690 -0.1799974 -0.1727615 -0.2256797 -0.1320778 -0.1268065 -0.1321891 -0.1051041 -0.0830298 -0.1385238 -0.1353546 -0.1354611 -0.1336271 -0.1342254 -0.1360559 -0.1360011 -0.1342502 -0.1056732 -0.1069603 -0.1040507 -0.1076837 -0.1073823 -0.1077497 -0.1090656
-0.0876389 -0.0836706 -0.0947893 1.9326074 1.9575232 2.1405082 -0.2711042 -0.2699194 -0.2697408 -0.2694645 0.0517972 -0.0699729 -0.0758412 1.9308488 -0.1259522 -0.1240216 -0.1499601 -0.1505322 -0.0891032 -0.0853784 -0.1522697 -0.1500387 -0.1393140 -0.1181675 -0.1200253 -0.1168201 -0.1179562 -0.1193423 -0.1908160 -0.1908273 -0.2189374 -0.2131898 -0.1985633 -0.1855617 -0.1854802 -0.1738879 -0.1743747 -0.1744520 -0.1695886 -0.1716708 -0.1638974 -0.2138793 -0.1231051 -0.1148486 -0.1226993 -0.0940917 -0.0717623 -0.1260219 -0.1227018 -0.1254894 -0.1216598 -0.1213380 -0.1240758 -0.1231642 -0.1234182 -0.0948365 -0.0960315 -0.0914796 -0.0976873 -0.0968312 -0.0972385 -0.0960390
-0.2986659 -0.2988157 -0.2990173 -0.2785417 -0.2775993 -0.2711042 4.8882809 4.6421804 4.6388574 4.6286588 -0.2292093 -0.2849800 -0.2826888 -0.2744817 -0.2766196 -0.2760823 -0.2268087 -0.2240738 -0.2951450 -0.2933589 -0.2293656 -0.2306245 -0.2277431 -0.2482356 -0.2463377 -0.2462642 -0.2440471 -0.2481335 -0.2729926 -0.2590759 -0.3043353 -0.3028734 -0.2853833 -0.2998604 -0.2879104 -0.2672786 -0.2486414 -0.2835146 -0.2906599 -0.2629962 -0.2695794 -0.2959066 -0.2426314 -0.2185107 -0.2331868 -0.2599340 -0.1829429 -0.2576486 -0.2539577 -0.2495902 -0.2510349 -0.2541288 -0.2477414 -0.2483545 -0.2510601 -0.2231054 -0.2236251 -0.2237054 -0.2277272 -0.2226542 -0.2225402 -0.2263574
-0.2984770 -0.2984145 -0.2986468 -0.2777132 -0.2765605 -0.2699194 4.6421804 4.8792014 4.6314707 4.6228709 -0.2292950 -0.2846720 -0.2821811 -0.2731376 -0.2760475 -0.2756509 -0.2266120 -0.2235322 -0.2947207 -0.2933162 -0.2285443 -0.2298369 -0.2270264 -0.2477148 -0.2458329 -0.2455714 -0.2435466 -0.2477321 -0.2732220 -0.2598338 -0.3044985 -0.3027874 -0.2855314 -0.2993269 -0.2879170 -0.2674964 -0.2489751 -0.2836352 -0.2909233 -0.2634000 -0.2697102 -0.2958141 -0.2429212 -0.2182335 -0.2328677 -0.2596818 -0.1821394 -0.2564810 -0.2532057 -0.2487084 -0.2502864 -0.2533325 -0.2468869 -0.2472473 -0.2505660 -0.2225304 -0.2230945 -0.2231902 -0.2271836 -0.2219609 -0.2220317 -0.2256649
-0.2982707 -0.2982488 -0.2986671 -0.2770487 -0.2760701 -0.2697408 4.6388574 4.6314707 4.8833661 4.6367412 -0.2298869 -0.2835680 -0.2812457 -0.2725173 -0.2760930 -0.2754928 -0.2260106 -0.2235237 -0.2936912 -0.2923565 -0.2288952 -0.2297169 -0.2272597 -0.2478980 -0.2460919 -0.2455539 -0.2435471 -0.2477849 -0.2733920 -0.2597325 -0.3050045 -0.3029240 -0.2855102 -0.2994574 -0.2879861 -0.2675075 -0.2482783 -0.2827785 -0.2900140 -0.2632685 -0.2693662 -0.2962169 -0.2434878 -0.2197606 -0.2333172 -0.2595633 -0.1829394 -0.2580264 -0.2541443 -0.2502977 -0.2510895 -0.2542778 -0.2481977 -0.2482501 -0.2515074 -0.2229544 -0.2234422 -0.2231479 -0.2273225 -0.2225043 -0.2224541 -0.2262304
-0.2981762 -0.2982401 -0.2985743 -0.2768598 -0.2760139 -0.2694645 4.6286588 4.6228709 4.6367412 4.8728037 -0.2287400 -0.2838894 -0.2815062 -0.2724028 -0.2759847 -0.2756508 -0.2254110 -0.2227371 -0.2943546 -0.2926895 -0.2279843 -0.2289338 -0.2267366 -0.2478793 -0.2460491 -0.2454780 -0.2435818 -0.2474853 -0.2729447 -0.2590334 -0.3045373 -0.3025994 -0.2862372 -0.2987671 -0.2875508 -0.2673419 -0.2474570 -0.2830811 -0.2901962 -0.2628777 -0.2693248 -0.2958944 -0.2428865 -0.2192113 -0.2335497 -0.2595321 -0.1828397 -0.2569134 -0.2530493 -0.2491391 -0.2500510 -0.2533057 -0.2472670 -0.2473722 -0.2504348 -0.2225239 -0.2229486 -0.2228796 -0.2273394 -0.2221769 -0.2221936 -0.2259542
0.4842145 0.4786973 0.1985763 0.0496879 0.0510698 0.0517972 -0.2292093 -0.2292950 -0.2298869 -0.2287400 1.4346881 0.1233385 0.1287647 0.0557482 -0.0184099 -0.0170076 -0.1132097 -0.1121357 0.1889930 0.1945691 -0.1072710 -0.1030853 -0.0939745 -0.0135482 -0.0183865 -0.0172435 -0.0176985 -0.0161317 -0.1402784 -0.1387251 -0.1701727 -0.1631556 -0.1538292 -0.1103139 -0.1123669 -0.1263999 -0.1234723 -0.1127653 -0.1071884 -0.1134904 -0.1178673 -0.1534210 -0.0466065 -0.0440226 -0.0468550 0.0288411 -0.0058788 -0.0076208 -0.0050583 -0.0115228 -0.0078255 -0.0077637 -0.0062156 -0.0115822 -0.0117256 -0.0162663 -0.0155059 -0.0136977 -0.0188796 -0.0159913 -0.0129947 -0.0156449
0.1386280 0.1441081 0.4750022 -0.0818127 -0.0845739 -0.0699729 -0.2849800 -0.2846720 -0.2835680 -0.2838894 0.1233385 1.5712434 1.2972566 -0.0738932 -0.0305612 -0.0325498 -0.1541029 -0.1507553 0.5391308 0.5348312 -0.1069773 -0.0999676 -0.0511403 -0.0346211 -0.0315806 -0.0322411 -0.0325447 -0.0355816 -0.1861796 -0.1788095 -0.2138408 -0.2157419 -0.2000703 -0.1438622 -0.1424623 -0.1714820 -0.1707849 -0.1534681 -0.1409042 -0.1534361 -0.1504663 -0.1975956 -0.0477030 -0.0483972 -0.0550230 0.0132695 -0.0297192 -0.0237740 -0.0321637 -0.0276328 -0.0271854 -0.0188200 -0.0192789 -0.0299836 -0.0249331 -0.0376703 -0.0393102 -0.0396916 -0.0395386 -0.0351103 -0.0388007 -0.0392258
0.1447616 0.1526211 0.4848393 -0.0873805 -0.0913706 -0.0758412 -0.2826888 -0.2821811 -0.2812457 -0.2815062 0.1287647 1.2972566 1.5807078 -0.0780944 -0.0330802 -0.0309382 -0.1584538 -0.1549091 0.5437602 0.5447625 -0.1136335 -0.1057760 -0.0576692 -0.0367998 -0.0308025 -0.0315703 -0.0313774 -0.0337404 -0.1886448 -0.1822700 -0.2158136 -0.2197510 -0.2021164 -0.1442447 -0.1454150 -0.1768727 -0.1739072 -0.1509152 -0.1431283 -0.1569173 -0.1524836 -0.1990560 -0.0476120 -0.0506878 -0.0545520 0.0173005 -0.0287984 -0.0239257 -0.0315787 -0.0277037 -0.0208705 -0.0182832 -0.0217213 -0.0314951 -0.0231706 -0.0349012 -0.0375985 -0.0396104 -0.0371529 -0.0335851 -0.0376202 -0.0355707
-0.0865656 -0.0833251 -0.0964802 1.9704859 2.0006506 1.9308488 -0.2744817 -0.2731376 -0.2725173 -0.2724028 0.0557482 -0.0738932 -0.0780944 2.2035329 -0.1287741 -0.1258755 -0.1538019 -0.1537464 -0.0910635 -0.0891452 -0.1560614 -0.1534279 -0.1424870 -0.1199033 -0.1219423 -0.1193286 -0.1203357 -0.1200880 -0.1921828 -0.1920161 -0.2219959 -0.2176201 -0.2004104 -0.1884587 -0.1879695 -0.1774170 -0.1776982 -0.1754966 -0.1734523 -0.1717527 -0.1667655 -0.2162250 -0.1265061 -0.1190139 -0.1236398 -0.0969770 -0.0759610 -0.1286093 -0.1253297 -0.1282778 -0.1241619 -0.1222163 -0.1258057 -0.1242165 -0.1249867 -0.0984627 -0.1007085 -0.0960394 -0.1020646 -0.1002072 -0.1000262 -0.1004949
-0.0385960 -0.0382800 -0.0394544 -0.1345058 -0.1360471 -0.1259522 -0.2766196 -0.2760475 -0.2760930 -0.2759847 -0.0184099 -0.0305612 -0.0330802 -0.1287741 1.0133052 0.7053228 -0.1583928 -0.1578425 -0.0346507 -0.0349829 -0.1542456 -0.1552889 -0.1422334 0.0937090 0.0929075 0.1032627 0.0998080 0.0921787 -0.1876897 -0.1791973 -0.2185337 -0.2206875 -0.2043166 -0.1765047 -0.1706834 -0.1791140 -0.1761795 -0.1713771 -0.1681819 -0.1693410 -0.1678578 -0.2075848 0.1420328 0.0870013 0.1203184 0.1988567 0.0998192 0.1638331 0.1683843 0.1620791 0.1679154 0.1657412 0.1733833 0.1665281 0.1633391 0.1223194 0.1243835 0.1230747 0.1205501 0.1257259 0.1276902 0.1279624
-0.0368384 -0.0352747 -0.0379123 -0.1312381 -0.1332474 -0.1240216 -0.2760823 -0.2756509 -0.2754928 -0.2756508 -0.0170076 -0.0325498 -0.0309382 -0.1258755 0.7053228 0.9543785 -0.1590285 -0.1587367 -0.0344968 -0.0365236 -0.1551199 -0.1544917 -0.1432562 0.0943443 0.0891977 0.0988427 0.0952931 0.0887192 -0.1852426 -0.1770027 -0.2145858 -0.2151141 -0.2012831 -0.1722186 -0.1702541 -0.1762159 -0.1763474 -0.1704942 -0.1659191 -0.1661248 -0.1679566 -0.2022021 0.1413925 0.0810778 0.1060338 0.1984489 0.1051588 0.1654579 0.1736453 0.1680262 0.1673876 0.1707538 0.1740156 0.1651639 0.1697935 0.1296680 0.1281041 0.1239902 0.1249841 0.1205728 0.1317218 0.1274999
-0.1885126 -0.1902625 -0.1782526 -0.1594243 -0.1608206 -0.1499601 -0.2268087 -0.2266120 -0.2260106 -0.2254110 -0.1132097 -0.1541029 -0.1584538 -0.1538019 -0.1583928 -0.1590285 2.2900672 2.2223926 -0.1802631 -0.1775333 1.9437420 1.9323423 1.7664242 -0.1539156 -0.1540041 -0.1470240 -0.1479816 -0.1513604 -0.1880586 -0.1815144 -0.2147373 -0.2162322 -0.1990860 -0.1998858 -0.1956518 -0.1749121 -0.1742058 -0.1838674 -0.1829017 -0.1745655 -0.1797677 -0.2141741 -0.1406081 -0.1313737 -0.1420819 -0.1472283 -0.0885827 -0.1665906 -0.1640035 -0.1647575 -0.1634726 -0.1619345 -0.1599135 -0.1603728 -0.1628664 -0.1165438 -0.1215260 -0.1154372 -0.1215160 -0.1181444 -0.1188289 -0.1150809
-0.1898101 -0.1917405 -0.1784861 -0.1610714 -0.1625258 -0.1505322 -0.2240738 -0.2235322 -0.2235237 -0.2227371 -0.1121357 -0.1507553 -0.1549091 -0.1537464 -0.1578425 -0.1587367 2.2223926 2.2864954 -0.1790903 -0.1765616 1.9298679 1.9203746 1.7545156 -0.1534353 -0.1532913 -0.1460692 -0.1473314 -0.1512928 -0.1870279 -0.1787315 -0.2140179 -0.2154727 -0.1978930 -0.1993706 -0.1945900 -0.1735893 -0.1726015 -0.1819807 -0.1814172 -0.1731172 -0.1780234 -0.2137012 -0.1397885 -0.1318042 -0.1413010 -0.1468659 -0.0883097 -0.1662612 -0.1639763 -0.1645165 -0.1635121 -0.1621195 -0.1599780 -0.1602609 -0.1629612 -0.1161780 -0.1214159 -0.1150836 -0.1210162 -0.1175070 -0.1180386 -0.1141428
0.4763942 0.4728104 0.8575470 -0.0980815 -0.1003073 -0.0891032 -0.2951450 -0.2947207 -0.2936912 -0.2943546 0.1889930 0.5391308 0.5437602 -0.0910635 -0.0346507 -0.0344968 -0.1802631 -0.1790903 1.3693178 0.9123750 -0.1530064 -0.1473159 -0.1143096 -0.0337308 -0.0352229 -0.0365782 -0.0349158 -0.0366308 -0.2011949 -0.1931764 -0.2274717 -0.2230199 -0.2145797 -0.1503081 -0.1516885 -0.1853322 -0.1836701 -0.1638318 -0.1593857 -0.1670320 -0.1658958 -0.2074089 -0.0758326 -0.0767111 -0.0726636 0.0186087 -0.0334300 -0.0251358 -0.0241786 -0.0292812 -0.0212408 -0.0192133 -0.0232430 -0.0293545 -0.0266094 -0.0395963 -0.0391612 -0.0425898 -0.0383542 -0.0351501 -0.0427849 -0.0423179
0.4773382 0.4715944 0.8588516 -0.0971115 -0.1002780 -0.0853784 -0.2933589 -0.2933162 -0.2923565 -0.2926895 0.1945691 0.5348312 0.5447625 -0.0891452 -0.0349829 -0.0365236 -0.1775333 -0.1765616 0.9123750 1.3776898 -0.1520014 -0.1494107 -0.1153542 -0.0353682 -0.0323669 -0.0350752 -0.0317380 -0.0364215 -0.2027587 -0.1946987 -0.2274762 -0.2271169 -0.2126362 -0.1528472 -0.1565929 -0.1869228 -0.1829995 -0.1633920 -0.1594058 -0.1663067 -0.1668732 -0.2088562 -0.0729709 -0.0800659 -0.0752099 0.0170334 -0.0328437 -0.0263598 -0.0228842 -0.0292766 -0.0234410 -0.0185416 -0.0238677 -0.0289149 -0.0286368 -0.0386900 -0.0394901 -0.0402592 -0.0399996 -0.0344900 -0.0421316 -0.0419267
-0.1755991 -0.1762826 -0.1552538 -0.1616667 -0.1631420 -0.1522697 -0.2293656 -0.2285443 -0.2288952 -0.2279843 -0.1072710 -0.1069773 -0.1136335 -0.1560614 -0.1542456 -0.1551199 1.9437420 1.9298679 -0.1530064 -0.1520014 2.1907651 1.9845961 1.8219748 -0.1517580 -0.1509060 -0.1436304 -0.1446132 -0.1473159 -0.1901995 -0.1836980 -0.2160528 -0.2181097 -0.2023021 -0.2021291 -0.1971498 -0.1758446 -0.1762358 -0.1829474 -0.1815715 -0.1740798 -0.1791996 -0.2158371 -0.1415572 -0.1325305 -0.1399880 -0.1419779 -0.0880288 -0.1635763 -0.1599450 -0.1612288 -0.1601648 -0.1587912 -0.1558996 -0.1563337 -0.1593331 -0.1162470 -0.1209813 -0.1147294 -0.1204096 -0.1163784 -0.1172338 -0.1153095
-0.1734036 -0.1750162 -0.1506423 -0.1590424 -0.1609589 -0.1500387 -0.2306245 -0.2298369 -0.2297169 -0.2289338 -0.1030853 -0.0999676 -0.1057760 -0.1534279 -0.1552889 -0.1544917 1.9323423 1.9203746 -0.1473159 -0.1494107 1.9845961 2.1836503 1.8141183 -0.1504747 -0.1506554 -0.1441700 -0.1438992 -0.1472991 -0.1912374 -0.1834182 -0.2161245 -0.2185025 -0.2018930 -0.2011696 -0.1965630 -0.1763158 -0.1769999 -0.1845150 -0.1826382 -0.1743536 -0.1788407 -0.2152331 -0.1425778 -0.1328615 -0.1426461 -0.1425616 -0.0887511 -0.1636446 -0.1596769 -0.1619733 -0.1599357 -0.1582984 -0.1559626 -0.1564469 -0.1601043 -0.1157467 -0.1208386 -0.1144445 -0.1204000 -0.1155895 -0.1173555 -0.1150636
-0.1584113 -0.1602486 -0.1222940 -0.1493104 -0.1508819 -0.1393140 -0.2277431 -0.2270264 -0.2272597 -0.2267366 -0.0939745 -0.0511403 -0.0576692 -0.1424870 -0.1422334 -0.1432562 1.7664242 1.7545156 -0.1143096 -0.1153542 1.8219748 1.8141183 1.9529250 -0.1384408 -0.1387333 -0.1321878 -0.1323920 -0.1364715 -0.1836521 -0.1761322 -0.2107141 -0.2116779 -0.1936661 -0.1912259 -0.1878068 -0.1694013 -0.1686596 -0.1763035 -0.1751166 -0.1686778 -0.1735424 -0.2091161 -0.1311517 -0.1240372 -0.1315050 -0.1277834 -0.0775157 -0.1494226 -0.1477071 -0.1494921 -0.1473802 -0.1439241 -0.1435416 -0.1445792 -0.1465088 -0.1051491 -0.1102427 -0.1044501 -0.1102173 -0.1048997 -0.1069745 -0.1035331
-0.0323740 -0.0323654 -0.0345632 -0.1279593 -0.1288303 -0.1181675 -0.2482356 -0.2477148 -0.2478980 -0.2478793 -0.0135482 -0.0346211 -0.0367998 -0.1199033 0.0937090 0.0943443 -0.1539156 -0.1534353 -0.0337308 -0.0353682 -0.1517580 -0.1504747 -0.1384408 0.9762284 0.5748852 0.5889089 0.5765700 0.5977309 -0.1370683 -0.1370110 -0.1894823 -0.1884398 -0.1789296 -0.1578080 -0.1521818 -0.1487684 -0.1508424 -0.1441275 -0.1366835 -0.1346440 -0.1365025 -0.1818433 0.0499563 0.0187746 0.0375229 0.1570475 0.0630637 0.0424039 0.0436445 0.0413345 0.0421003 0.0392342 0.0389112 0.0420790 0.0439620 0.0741090 0.0734657 0.0695879 0.0773481 0.0748181 0.0754967 0.0820550
-0.0337254 -0.0340400 -0.0323119 -0.1287469 -0.1286363 -0.1200253 -0.2463377 -0.2458329 -0.2460919 -0.2460491 -0.0183865 -0.0315806 -0.0308025 -0.1219423 0.0929075 0.0891977 -0.1540041 -0.1532913 -0.0352229 -0.0323669 -0.1509060 -0.1506554 -0.1387333 0.5748852 0.9517493 0.5836430 0.5958611 0.5736433 -0.1373958 -0.1334793 -0.1918588 -0.1891369 -0.1791579 -0.1587669 -0.1549677 -0.1565436 -0.1551731 -0.1452240 -0.1492811 -0.1375585 -0.1406156 -0.1810557 0.0467883 0.0149956 0.0376395 0.1592760 0.0607812 0.0493501 0.0464674 0.0467352 0.0477591 0.0489119 0.0478864 0.0434998 0.0461625 0.0736627 0.0790271 0.0754170 0.0803503 0.0843617 0.0814062 0.0865967
-0.0417494 -0.0391548 -0.0348413 -0.1273029 -0.1292195 -0.1168201 -0.2462642 -0.2455714 -0.2455539 -0.2454780 -0.0172435 -0.0322411 -0.0315703 -0.1193286 0.1032627 0.0988427 -0.1470240 -0.1460692 -0.0365782 -0.0350752 -0.1436304 -0.1441700 -0.1321878 0.5889089 0.5836430 0.9833565 0.5839977 0.6076363 -0.1391960 -0.1324343 -0.1879292 -0.1871924 -0.1778248 -0.1568142 -0.1546330 -0.1498920 -0.1497483 -0.1389687 -0.1417512 -0.1311444 -0.1320029 -0.1808896 0.0512121 0.0125133 0.0318094 0.1668352 0.0598709 0.0448168 0.0441435 0.0430086 0.0427306 0.0449898 0.0408490 0.0409679 0.0402414 0.0683448 0.0727637 0.0700564 0.0720736 0.0727615 0.0716629 0.0738381
-0.0338648 -0.0338489 -0.0317477 -0.1275369 -0.1291095 -0.1179562 -0.2440471 -0.2435466 -0.2435471 -0.2435818 -0.0176985 -0.0325447 -0.0313774 -0.1203357 0.0998080 0.0952931 -0.1479816 -0.1473314 -0.0349158 -0.0317380 -0.1446132 -0.1438992 -0.1323920 0.5765700 0.5958611 0.5839977 0.9513198 0.5788348 -0.1327123 -0.1243429 -0.1853550 -0.1808514 -0.1751466 -0.1547535 -0.1517934 -0.1527435 -0.1526804 -0.1408834 -0.1436699 -0.1331064 -0.1343856 -0.1773573 0.0495060 0.0147924 0.0353313 0.1642325 0.0618250 0.0446331 0.0445250 0.0447836 0.0407578 0.0460669 0.0418174 0.0400102 0.0416112 0.0689670 0.0736366 0.0750101 0.0746507 0.0755556 0.0739556 0.0827547
-0.0320248 -0.0317322 -0.0333089 -0.1279921 -0.1297408 -0.1193423 -0.2481335 -0.2477321 -0.2477849 -0.2474853 -0.0161317 -0.0355816 -0.0337404 -0.1200880 0.0921787 0.0887192 -0.1513604 -0.1512928 -0.0366308 -0.0364215 -0.1473159 -0.1472991 -0.1364715 0.5977309 0.5736433 0.6076363 0.5788348 0.9920538 -0.1385374 -0.1304656 -0.1899470 -0.1857613 -0.1763466 -0.1581381 -0.1506771 -0.1527982 -0.1542746 -0.1463479 -0.1441181 -0.1331563 -0.1332828 -0.1800237 0.0540398 0.0232368 0.0367476 0.1573208 0.0591376 0.0401971 0.0434413 0.0393866 0.0345726 0.0406233 0.0379369 0.0363739 0.0376382 0.0717862 0.0711546 0.0723284 0.0731177 0.0743368 0.0716912 0.0778403
-0.2086535 -0.2102716 -0.2045476 -0.1992670 -0.2011532 -0.1908160 -0.2729926 -0.2732220 -0.2733920 -0.2729447 -0.1402784 -0.1861796 -0.1886448 -0.1921828 -0.1876897 -0.1852426 -0.1880586 -0.1870279 -0.2011949 -0.2027587 -0.1901995 -0.1912374 -0.1836521 -0.1370683 -0.1373958 -0.1391960 -0.1327123 -0.1385374 1.7599549 0.8374425 0.7734833 0.7750577 0.5937809 0.4684940 0.4584894 0.3412720 0.3432337 0.3153997 0.3109118 0.3253544 0.3142232 0.7522022 -0.0659006 0.0103330 -0.0371087 -0.1745957 -0.1394216 -0.1927285 -0.1906462 -0.1925614 -0.1943868 -0.1876089 -0.1948753 -0.1940628 -0.1906556 -0.1518105 -0.1519796 -0.1475570 -0.1474649 -0.1502303 -0.1490367 -0.1469181
-0.2020064 -0.2044385 -0.1993328 -0.2011729 -0.2031328 -0.1908273 -0.2590759 -0.2598338 -0.2597325 -0.2590334 -0.1387251 -0.1788095 -0.1822700 -0.1920161 -0.1791973 -0.1770027 -0.1815144 -0.1787315 -0.1931764 -0.1946987 -0.1836980 -0.1834182 -0.1761322 -0.1370110 -0.1334793 -0.1324343 -0.1243429 -0.1304656 0.8374425 1.7256649 0.7656576 0.7647051 0.5803239 0.4718339 0.4729148 0.3330154 0.3335903 0.2987985 0.2838182 0.3104519 0.3031020 0.7397806 -0.0654012 0.0074336 -0.0378496 -0.1675082 -0.1332550 -0.1880202 -0.1880225 -0.1871931 -0.1907835 -0.1848955 -0.1904418 -0.1874835 -0.1854842 -0.1492195 -0.1484041 -0.1419228 -0.1464054 -0.1451682 -0.1453096 -0.1429003
-0.2357333 -0.2372570 -0.2306376 -0.2288233 -0.2310165 -0.2189374 -0.3043353 -0.3044985 -0.3050045 -0.3045373 -0.1701727 -0.2138408 -0.2158136 -0.2219959 -0.2185337 -0.2145858 -0.2147373 -0.2140179 -0.2274717 -0.2274762 -0.2160528 -0.2161245 -0.2107141 -0.1894823 -0.1918588 -0.1879292 -0.1853550 -0.1899470 0.7734833 0.7656576 2.0309067 1.2593857 0.8005901 0.6290820 0.6277636 0.4395944 0.4375712 0.3501674 0.3376367 0.3276957 0.3219304 0.9111372 -0.1472296 -0.0966550 -0.1353798 -0.1994372 -0.1667587 -0.2139234 -0.2157153 -0.2154473 -0.2157824 -0.2122081 -0.2160075 -0.2141148 -0.2141448 -0.1843650 -0.1844430 -0.1808572 -0.1828888 -0.1841428 -0.1824279 -0.1816379
-0.2367929 -0.2388550 -0.2317719 -0.2252480 -0.2263127 -0.2131898 -0.3028734 -0.3027874 -0.3029240 -0.3025994 -0.1631556 -0.2157419 -0.2197510 -0.2176201 -0.2206875 -0.2151141 -0.2162322 -0.2154727 -0.2230199 -0.2271169 -0.2181097 -0.2185025 -0.2116779 -0.1884398 -0.1891369 -0.1871924 -0.1808514 -0.1857613 0.7750577 0.7647051 1.2593857 2.0557044 0.7962667 0.6302397 0.6216287 0.4286583 0.4321210 0.3381093 0.3330467 0.3242372 0.3230184 0.9182408 -0.1473058 -0.0974449 -0.1327415 -0.1962074 -0.1656214 -0.2145794 -0.2155629 -0.2183195 -0.2174811 -0.2122568 -0.2153085 -0.2135550 -0.2150996 -0.1831345 -0.1834652 -0.1798003 -0.1809278 -0.1811940 -0.1824372 -0.1800372
-0.2188251 -0.2209430 -0.2146142 -0.2074641 -0.2077487 -0.1985633 -0.2853833 -0.2855314 -0.2855102 -0.2862372 -0.1538292 -0.2000703 -0.2021164 -0.2004104 -0.2043166 -0.2012831 -0.1990860 -0.1978930 -0.2145797 -0.2126362 -0.2023021 -0.2018930 -0.1936661 -0.1789296 -0.1791579 -0.1778248 -0.1751466 -0.1763466 0.5937809 0.5803239 0.8005901 0.7962667 1.8671165 0.6826046 0.6750183 0.5151678 0.5197968 0.4163935 0.4036290 0.3586938 0.3641660 0.7206205 -0.1334010 -0.0892580 -0.1278260 -0.1856688 -0.1532803 -0.1994764 -0.2027978 -0.2033492 -0.2021502 -0.1969752 -0.2017960 -0.2000059 -0.2017566 -0.1700169 -0.1727769 -0.1665210 -0.1664757 -0.1727217 -0.1707073 -0.1681557
-0.1613298 -0.1623409 -0.1558376 -0.1945082 -0.1971586 -0.1855617 -0.2998604 -0.2993269 -0.2994574 -0.2987671 -0.1103139 -0.1438622 -0.1442447 -0.1884587 -0.1765047 -0.1722186 -0.1998858 -0.1993706 -0.1503081 -0.1528472 -0.2021291 -0.2011696 -0.1912259 -0.1578080 -0.1587669 -0.1568142 -0.1547535 -0.1581381 0.4684940 0.4718339 0.6290820 0.6302397 0.6826046 1.6783409 0.7827318 0.4304337 0.4322970 0.3611711 0.3543618 0.3013805 0.3047443 0.6146470 -0.1286954 -0.0917818 -0.1221447 -0.1489596 -0.1381278 -0.1638546 -0.1671683 -0.1659196 -0.1666393 -0.1632904 -0.1655622 -0.1627782 -0.1649607 -0.1539600 -0.1524743 -0.1521876 -0.1485827 -0.1517225 -0.1522737 -0.1516980
-0.1644235 -0.1637565 -0.1550131 -0.1945339 -0.1961963 -0.1854802 -0.2879104 -0.2879170 -0.2879861 -0.2875508 -0.1123669 -0.1424623 -0.1454150 -0.1879695 -0.1706834 -0.1702541 -0.1956518 -0.1945900 -0.1516885 -0.1565929 -0.1971498 -0.1965630 -0.1878068 -0.1521818 -0.1549677 -0.1546330 -0.1517934 -0.1506771 0.4584894 0.4729148 0.6277636 0.6216287 0.6750183 0.7827318 1.6473110 0.4219829 0.4160762 0.3441633 0.3390357 0.2988928 0.2990324 0.6020406 -0.1195564 -0.0785505 -0.1124368 -0.1497002 -0.1317080 -0.1600457 -0.1609878 -0.1622678 -0.1630210 -0.1618391 -0.1620629 -0.1594832 -0.1619316 -0.1480782 -0.1479086 -0.1449726 -0.1447027 -0.1470433 -0.1463171 -0.1461262
-0.1874420 -0.1882882 -0.1892164 -0.1841018 -0.1846868 -0.1738879 -0.2672786 -0.2674964 -0.2675075 -0.2673419 -0.1263999 -0.1714820 -0.1768727 -0.1774170 -0.1791140 -0.1762159 -0.1749121 -0.1735893 -0.1853322 -0.1869228 -0.1758446 -0.1763158 -0.1694013 -0.1487684 -0.1565436 -0.1498920 -0.1527435 -0.1527982 0.3412720 0.3330154 0.4395944 0.4286583 0.5151678 0.4304337 0.4219829 1.7288057 0.8186393 0.5754721 0.5728393 0.5036076 0.5138846 0.4291298 -0.1040265 -0.0545780 -0.0890326 -0.1642501 -0.1314305 -0.1791508 -0.1799226 -0.1786183 -0.1787002 -0.1758522 -0.1786654 -0.1776482 -0.1767216 -0.1478639 -0.1462448 -0.1440789 -0.1468335 -0.1476491 -0.1473315 -0.1444242
-0.1879093 -0.1889757 -0.1857045 -0.1830966 -0.1858804 -0.1743747 -0.2486414 -0.2489751 -0.2482783 -0.2474570 -0.1234723 -0.1707849 -0.1739072 -0.1776982 -0.1761795 -0.1763474 -0.1742058 -0.1726015 -0.1836701 -0.1829995 -0.1762358 -0.1769999 -0.1686596 -0.1508424 -0.1551731 -0.1497483 -0.1526804 -0.1542746 0.3432337 0.3335903 0.4375712 0.4321210 0.5197968 0.4322970 0.4160762 0.8186393 1.6796439 0.5623251 0.5668929 0.4974931 0.4940422 0.4199213 -0.0981379 -0.0519881 -0.0862135 -0.1657706 -0.1313990 -0.1743858 -0.1745298 -0.1729508 -0.1736486 -0.1719760 -0.1732032 -0.1730544 -0.1729830 -0.1478327 -0.1484930 -0.1468285 -0.1458916 -0.1480637 -0.1482959 -0.1473349
-0.1764688 -0.1753906 -0.1672317 -0.1808457 -0.1838839 -0.1744520 -0.2835146 -0.2836352 -0.2827785 -0.2830811 -0.1127653 -0.1534681 -0.1509152 -0.1754966 -0.1713771 -0.1704942 -0.1838674 -0.1819807 -0.1638318 -0.1633920 -0.1829474 -0.1845150 -0.1763035 -0.1441275 -0.1452240 -0.1389687 -0.1408834 -0.1463479 0.3153997 0.2987985 0.3501674 0.3381093 0.4163935 0.3611711 0.3441633 0.5754721 0.5623251 1.7021656 0.8474435 0.5938918 0.6111199 0.3862708 -0.1030132 -0.0611332 -0.0922946 -0.1502701 -0.1266316 -0.1632112 -0.1640343 -0.1613582 -0.1631555 -0.1616668 -0.1640594 -0.1617920 -0.1612137 -0.1462675 -0.1462680 -0.1421465 -0.1450508 -0.1472786 -0.1443384 -0.1431626
-0.1674790 -0.1651628 -0.1642211 -0.1803025 -0.1841690 -0.1695886 -0.2906599 -0.2909233 -0.2900140 -0.2901962 -0.1071884 -0.1409042 -0.1431283 -0.1734523 -0.1681819 -0.1659191 -0.1829017 -0.1814172 -0.1593857 -0.1594058 -0.1815715 -0.1826382 -0.1751166 -0.1366835 -0.1492811 -0.1417512 -0.1436699 -0.1441181 0.3109118 0.2838182 0.3376367 0.3330467 0.4036290 0.3543618 0.3390357 0.5728393 0.5668929 0.8474435 1.6662771 0.6058883 0.6014965 0.3698393 -0.1069227 -0.0582516 -0.0919421 -0.1484532 -0.1254625 -0.1604551 -0.1618479 -0.1590280 -0.1602074 -0.1596555 -0.1570347 -0.1569333 -0.1577292 -0.1400059 -0.1425475 -0.1415462 -0.1382681 -0.1446880 -0.1378103 -0.1408159
-0.1725700 -0.1738603 -0.1738332 -0.1785683 -0.1799974 -0.1716708 -0.2629962 -0.2634000 -0.2632685 -0.2628777 -0.1134904 -0.1534361 -0.1569173 -0.1717527 -0.1693410 -0.1661248 -0.1745655 -0.1731172 -0.1670320 -0.1663067 -0.1740798 -0.1743536 -0.1686778 -0.1346440 -0.1375585 -0.1311444 -0.1331064 -0.1331563 0.3253544 0.3104519 0.3276957 0.3242372 0.3586938 0.3013805 0.2988928 0.5036076 0.4974931 0.5938918 0.6058883 1.7043278 0.9509124 0.3757888 -0.0857914 -0.0307480 -0.0645216 -0.1537332 -0.1212493 -0.1686424 -0.1681576 -0.1693508 -0.1665056 -0.1644754 -0.1699021 -0.1648739 -0.1662745 -0.1383318 -0.1370032 -0.1348893 -0.1316648 -0.1379291 -0.1384572 -0.1343874
-0.1717336 -0.1720951 -0.1687654 -0.1718209 -0.1727615 -0.1638974 -0.2695794 -0.2697102 -0.2693662 -0.2693248 -0.1178673 -0.1504663 -0.1524836 -0.1667655 -0.1678578 -0.1679566 -0.1797677 -0.1780234 -0.1658958 -0.1668732 -0.1791996 -0.1788407 -0.1735424 -0.1365025 -0.1406156 -0.1320029 -0.1343856 -0.1332828 0.3142232 0.3031020 0.3219304 0.3230184 0.3641660 0.3047443 0.2990324 0.5138846 0.4940422 0.6111199 0.6014965 0.9509124 1.7074524 0.3793038 -0.0896846 -0.0315799 -0.0674852 -0.1514197 -0.1196452 -0.1650812 -0.1651139 -0.1638321 -0.1625382 -0.1621171 -0.1644067 -0.1621050 -0.1606307 -0.1364775 -0.1385675 -0.1388158 -0.1335817 -0.1375744 -0.1396379 -0.1374394
-0.2175380 -0.2196484 -0.2111577 -0.2227679 -0.2256797 -0.2138793 -0.2959066 -0.2958141 -0.2962169 -0.2958944 -0.1534210 -0.1975956 -0.1990560 -0.2162250 -0.2075848 -0.2022021 -0.2141741 -0.2137012 -0.2074089 -0.2088562 -0.2158371 -0.2152331 -0.2091161 -0.1818433 -0.1810557 -0.1808896 -0.1773573 -0.1800237 0.7522022 0.7397806 0.9111372 0.9182408 0.7206205 0.6146470 0.6020406 0.4291298 0.4199213 0.3862708 0.3698393 0.3757888 0.3793038 1.8976740 -0.1484018 -0.0947590 -0.1320946 -0.1833100 -0.1598211 -0.2008167 -0.2036947 -0.2043423 -0.2020894 -0.1996240 -0.2035758 -0.2022973 -0.2014832 -0.1763651 -0.1776974 -0.1718896 -0.1740262 -0.1753780 -0.1760557 -0.1713617
-0.0836967 -0.0830226 -0.0754852 -0.1303669 -0.1320778 -0.1231051 -0.2426314 -0.2429212 -0.2434878 -0.2428865 -0.0466065 -0.0477030 -0.0476120 -0.1265061 0.1420328 0.1413925 -0.1406081 -0.1397885 -0.0758326 -0.0729709 -0.1415572 -0.1425778 -0.1311517 0.0499563 0.0467883 0.0512121 0.0495060 0.0540398 -0.0659006 -0.0654012 -0.1472296 -0.1473058 -0.1334010 -0.1286954 -0.1195564 -0.1040265 -0.0981379 -0.1030132 -0.1069227 -0.0857914 -0.0896846 -0.1484018 1.3768322 0.8105677 0.7784750 0.0326736 0.0350612 0.0214585 0.0150918 0.0214301 0.0116190 0.0197021 0.0100762 0.0185302 0.0140123 0.0569206 0.0577145 0.0516005 0.0629550 0.0570880 0.0553131 0.0526136
-0.0976157 -0.0961662 -0.0901491 -0.1261679 -0.1268065 -0.1148486 -0.2185107 -0.2182335 -0.2197606 -0.2192113 -0.0440226 -0.0483972 -0.0506878 -0.1190139 0.0870013 0.0810778 -0.1313737 -0.1318042 -0.0767111 -0.0800659 -0.1325305 -0.1328615 -0.1240372 0.0187746 0.0149956 0.0125133 0.0147924 0.0232368 0.0103330 0.0074336 -0.0966550 -0.0974449 -0.0892580 -0.0917818 -0.0785505 -0.0545780 -0.0519881 -0.0611332 -0.0582516 -0.0307480 -0.0315799 -0.0947590 0.8105677 1.7742002 0.9482707 -0.0663850 -0.0142297 -0.0403387 -0.0518315 -0.0386415 -0.0511350 -0.0514320 -0.0465726 -0.0464411 -0.0410552 -0.0075303 0.0047274 0.0003940 0.0086667 -0.0030140 -0.0035049 -0.0043928
-0.0837287 -0.0829285 -0.0794035 -0.1294811 -0.1321891 -0.1226993 -0.2331868 -0.2328677 -0.2333172 -0.2335497 -0.0468550 -0.0550230 -0.0545520 -0.1236398 0.1203184 0.1060338 -0.1420819 -0.1413010 -0.0726636 -0.0752099 -0.1399880 -0.1426461 -0.1315050 0.0375229 0.0376395 0.0318094 0.0353313 0.0367476 -0.0371087 -0.0378496 -0.1353798 -0.1327415 -0.1278260 -0.1221447 -0.1124368 -0.0890326 -0.0862135 -0.0922946 -0.0919421 -0.0645216 -0.0674852 -0.1320946 0.7784750 0.9482707 1.6434019 -0.0133573 0.0211160 -0.0160323 -0.0128404 -0.0154710 -0.0131094 -0.0131408 -0.0152265 -0.0115884 -0.0092577 0.0208861 0.0368689 0.0359819 0.0411555 0.0281710 0.0418965 0.0324968
0.0284961 0.0288468 0.0216413 -0.1030784 -0.1051041 -0.0940917 -0.2599340 -0.2596818 -0.2595633 -0.2595321 0.0288411 0.0132695 0.0173005 -0.0969770 0.1988567 0.1984489 -0.1472283 -0.1468659 0.0186087 0.0170334 -0.1419779 -0.1425616 -0.1277834 0.1570475 0.1592760 0.1668352 0.1642325 0.1573208 -0.1745957 -0.1675082 -0.1994372 -0.1962074 -0.1856688 -0.1489596 -0.1497002 -0.1642501 -0.1657706 -0.1502701 -0.1484532 -0.1537332 -0.1514197 -0.1833100 0.0326736 -0.0663850 -0.0133573 0.8080497 0.1101627 0.1438710 0.1363419 0.1428171 0.1520236 0.1418859 0.1454982 0.1467832 0.1358244 0.1284760 0.1306202 0.1254113 0.1280691 0.1310141 0.1324584 0.1272907
-0.0285741 -0.0283262 -0.0287355 -0.0796944 -0.0830298 -0.0717623 -0.1829429 -0.1821394 -0.1829394 -0.1828397 -0.0058788 -0.0297192 -0.0287984 -0.0759610 0.0998192 0.1051588 -0.0885827 -0.0883097 -0.0334300 -0.0328437 -0.0880288 -0.0887511 -0.0775157 0.0630637 0.0607812 0.0598709 0.0618250 0.0591376 -0.1394216 -0.1332550 -0.1667587 -0.1656214 -0.1532803 -0.1381278 -0.1317080 -0.1314305 -0.1313990 -0.1266316 -0.1254625 -0.1212493 -0.1196452 -0.1598211 0.0350612 -0.0142297 0.0211160 0.1101627 0.4658420 0.0599236 0.0617699 0.0643803 0.0647673 0.0620058 0.0624205 0.0654078 0.0586136 0.2671370 0.2507273 0.2544976 0.2507085 0.2579907 0.2513282 0.2569244
-0.0239013 -0.0211127 -0.0254372 -0.1357768 -0.1385238 -0.1260219 -0.2576486 -0.2564810 -0.2580264 -0.2569134 -0.0076208 -0.0237740 -0.0239257 -0.1286093 0.1638331 0.1654579 -0.1665906 -0.1662612 -0.0251358 -0.0263598 -0.1635763 -0.1636446 -0.1494226 0.0424039 0.0493501 0.0448168 0.0446331 0.0401971 -0.1927285 -0.1880202 -0.2139234 -0.2145794 -0.1994764 -0.1638546 -0.1600457 -0.1791508 -0.1743858 -0.1632112 -0.1604551 -0.1686424 -0.1650812 -0.2008167 0.0214585 -0.0403387 -0.0160323 0.1438710 0.0599236 0.8581287 0.4438721 0.4261259 0.4377071 0.4280569 0.4224527 0.4365272 0.4271454 0.0709960 0.0696960 0.0676636 0.0719746 0.0706316 0.0744421 0.0668928
-0.0278677 -0.0260169 -0.0299280 -0.1322146 -0.1353546 -0.1227018 -0.2539577 -0.2532057 -0.2541443 -0.2530493 -0.0050583 -0.0321637 -0.0315787 -0.1253297 0.1683843 0.1736453 -0.1640035 -0.1639763 -0.0241786 -0.0228842 -0.1599450 -0.1596769 -0.1477071 0.0436445 0.0464674 0.0441435 0.0445250 0.0434413 -0.1906462 -0.1880225 -0.2157153 -0.2155629 -0.2027978 -0.1671683 -0.1609878 -0.1799226 -0.1745298 -0.1640343 -0.1618479 -0.1681576 -0.1651139 -0.2036947 0.0150918 -0.0518315 -0.0128404 0.1363419 0.0617699 0.4438721 0.8575316 0.4444859 0.4304778 0.4277194 0.4279596 0.4488951 0.4478632 0.0685774 0.0669758 0.0688662 0.0652038 0.0677935 0.0625700 0.0669696
-0.0295429 -0.0293619 -0.0293557 -0.1327865 -0.1354611 -0.1254894 -0.2495902 -0.2487084 -0.2502977 -0.2491391 -0.0115228 -0.0276328 -0.0277037 -0.1282778 0.1620791 0.1680262 -0.1647575 -0.1645165 -0.0292812 -0.0292766 -0.1612288 -0.1619733 -0.1494921 0.0413345 0.0467352 0.0430086 0.0447836 0.0393866 -0.1925614 -0.1871931 -0.2154473 -0.2183195 -0.2033492 -0.1659196 -0.1622678 -0.1786183 -0.1729508 -0.1613582 -0.1590280 -0.1693508 -0.1638321 -0.2043423 0.0214301 -0.0386415 -0.0154710 0.1428171 0.0643803 0.4261259 0.4444859 0.8755000 0.4208435 0.4174950 0.4344975 0.4418578 0.4210917 0.0742472 0.0748700 0.0735291 0.0708410 0.0697070 0.0671597 0.0691093
-0.0228551 -0.0222148 -0.0221525 -0.1312285 -0.1336271 -0.1216598 -0.2510349 -0.2502864 -0.2510895 -0.2500510 -0.0078255 -0.0271854 -0.0208705 -0.1241619 0.1679154 0.1673876 -0.1634726 -0.1635121 -0.0212408 -0.0234410 -0.1601648 -0.1599357 -0.1473802 0.0421003 0.0477591 0.0427306 0.0407578 0.0345726 -0.1943868 -0.1907835 -0.2157824 -0.2174811 -0.2021502 -0.1666393 -0.1630210 -0.1787002 -0.1736486 -0.1631555 -0.1602074 -0.1665056 -0.1625382 -0.2020894 0.0116190 -0.0511350 -0.0131094 0.1520236 0.0647673 0.4377071 0.4304778 0.4208435 0.8418277 0.4140726 0.4336438 0.4274108 0.4363337 0.0719105 0.0769191 0.0733487 0.0710546 0.0711995 0.0786060 0.0678810
-0.0191220 -0.0190382 -0.0226476 -0.1319221 -0.1342254 -0.1213380 -0.2541288 -0.2533325 -0.2542778 -0.2533057 -0.0077637 -0.0188200 -0.0182832 -0.1222163 0.1657412 0.1707538 -0.1619345 -0.1621195 -0.0192133 -0.0185416 -0.1587912 -0.1582984 -0.1439241 0.0392342 0.0489119 0.0449898 0.0460669 0.0406233 -0.1876089 -0.1848955 -0.2122081 -0.2122568 -0.1969752 -0.1632904 -0.1618391 -0.1758522 -0.1719760 -0.1616668 -0.1596555 -0.1644754 -0.1621171 -0.1996240 0.0197021 -0.0514320 -0.0131408 0.1418859 0.0620058 0.4280569 0.4277194 0.4174950 0.4140726 0.8261008 0.4264582 0.4116003 0.4221604 0.0717192 0.0723712 0.0712831 0.0689434 0.0683798 0.0730033 0.0690808
-0.0262175 -0.0253696 -0.0239288 -0.1330591 -0.1360559 -0.1240758 -0.2477414 -0.2468869 -0.2481977 -0.2472670 -0.0062156 -0.0192789 -0.0217213 -0.1258057 0.1733833 0.1740156 -0.1599135 -0.1599780 -0.0232430 -0.0238677 -0.1558996 -0.1559626 -0.1435416 0.0389112 0.0478864 0.0408490 0.0418174 0.0379369 -0.1948753 -0.1904418 -0.2160075 -0.2153085 -0.2017960 -0.1655622 -0.1620629 -0.1786654 -0.1732032 -0.1640594 -0.1570347 -0.1699021 -0.1644067 -0.2035758 0.0100762 -0.0465726 -0.0152265 0.1454982 0.0624205 0.4224527 0.4279596 0.4344975 0.4336438 0.4264582 0.8422940 0.4400565 0.4389626 0.0689213 0.0676696 0.0648589 0.0683920 0.0647128 0.0711386 0.0635838
-0.0289893 -0.0287375 -0.0298879 -0.1323173 -0.1360011 -0.1231642 -0.2483545 -0.2472473 -0.2482501 -0.2473722 -0.0115822 -0.0299836 -0.0314951 -0.1242165 0.1665281 0.1651639 -0.1603728 -0.1602609 -0.0293545 -0.0289149 -0.1563337 -0.1564469 -0.1445792 0.0420790 0.0434998 0.0409679 0.0400102 0.0363739 -0.1940628 -0.1874835 -0.2141148 -0.2135550 -0.2000059 -0.1627782 -0.1594832 -0.1776482 -0.1730544 -0.1617920 -0.1569333 -0.1648739 -0.1621050 -0.2022973 0.0185302 -0.0464411 -0.0115884 0.1467832 0.0654078 0.4365272 0.4488951 0.4418578 0.4274108 0.4116003 0.4400565 0.8506638 0.4419012 0.0732095 0.0704482 0.0719788 0.0697619 0.0681595 0.0672330 0.0678711
-0.0267034 -0.0248089 -0.0287471 -0.1314361 -0.1342502 -0.1234182 -0.2510601 -0.2505660 -0.2515074 -0.2504348 -0.0117256 -0.0249331 -0.0231706 -0.1249867 0.1633391 0.1697935 -0.1628664 -0.1629612 -0.0266094 -0.0286368 -0.1593331 -0.1601043 -0.1465088 0.0439620 0.0461625 0.0402414 0.0416112 0.0376382 -0.1906556 -0.1854842 -0.2141448 -0.2150996 -0.2017566 -0.1649607 -0.1619316 -0.1767216 -0.1729830 -0.1612137 -0.1577292 -0.1662745 -0.1606307 -0.2014832 0.0140123 -0.0410552 -0.0092577 0.1358244 0.0586136 0.4271454 0.4478632 0.4210917 0.4363337 0.4221604 0.4389626 0.4419012 0.8583930 0.0687987 0.0654774 0.0697130 0.0665479 0.0618020 0.0621919 0.0653036
-0.0348843 -0.0357260 -0.0358445 -0.1028355 -0.1056732 -0.0948365 -0.2231054 -0.2225304 -0.2229544 -0.2225239 -0.0162663 -0.0376703 -0.0349012 -0.0984627 0.1223194 0.1296680 -0.1165438 -0.1161780 -0.0395963 -0.0386900 -0.1162470 -0.1157467 -0.1051491 0.0741090 0.0736627 0.0683448 0.0689670 0.0717862 -0.1518105 -0.1492195 -0.1843650 -0.1831345 -0.1700169 -0.1539600 -0.1480782 -0.1478639 -0.1478327 -0.1462675 -0.1400059 -0.1383318 -0.1364775 -0.1763651 0.0569206 -0.0075303 0.0208861 0.1284760 0.2671370 0.0709960 0.0685774 0.0742472 0.0719105 0.0717192 0.0689213 0.0732095 0.0687987 0.6081613 0.3075885 0.3051200 0.3090628 0.3164088 0.3097864 0.2987433
-0.0337692 -0.0335025 -0.0368538 -0.1042699 -0.1069603 -0.0960315 -0.2236251 -0.2230945 -0.2234422 -0.2229486 -0.0155059 -0.0393102 -0.0375985 -0.1007085 0.1243835 0.1281041 -0.1215260 -0.1214159 -0.0391612 -0.0394901 -0.1209813 -0.1208386 -0.1102427 0.0734657 0.0790271 0.0727637 0.0736366 0.0711546 -0.1519796 -0.1484041 -0.1844430 -0.1834652 -0.1727769 -0.1524743 -0.1479086 -0.1462448 -0.1484930 -0.1462680 -0.1425475 -0.1370032 -0.1385675 -0.1776974 0.0577145 0.0047274 0.0368689 0.1306202 0.2507273 0.0696960 0.0669758 0.0748700 0.0769191 0.0723712 0.0676696 0.0704482 0.0654774 0.3075885 0.6356580 0.2953415 0.3103843 0.3102527 0.3024170 0.3037109
-0.0364571 -0.0369509 -0.0397328 -0.1000787 -0.1040507 -0.0914796 -0.2237054 -0.2231902 -0.2231479 -0.2228796 -0.0136977 -0.0396916 -0.0396104 -0.0960394 0.1230747 0.1239902 -0.1154372 -0.1150836 -0.0425898 -0.0402592 -0.1147294 -0.1144445 -0.1044501 0.0695879 0.0754170 0.0700564 0.0750101 0.0723284 -0.1475570 -0.1419228 -0.1808572 -0.1798003 -0.1665210 -0.1521876 -0.1449726 -0.1440789 -0.1468285 -0.1421465 -0.1415462 -0.1348893 -0.1388158 -0.1718896 0.0516005 0.0003940 0.0359819 0.1254113 0.2544976 0.0676636 0.0688662 0.0735291 0.0733487 0.0712831 0.0648589 0.0719788 0.0697130 0.3051200 0.2953415 0.6004845 0.3100096 0.3038515 0.2904029 0.3107425
-0.0377844 -0.0368330 -0.0384386 -0.1057628 -0.1076837 -0.0976873 -0.2277272 -0.2271836 -0.2273225 -0.2273394 -0.0188796 -0.0395386 -0.0371529 -0.1020646 0.1205501 0.1249841 -0.1215160 -0.1210162 -0.0383542 -0.0399996 -0.1204096 -0.1204000 -0.1102173 0.0773481 0.0803503 0.0720736 0.0746507 0.0731177 -0.1474649 -0.1464054 -0.1828888 -0.1809278 -0.1664757 -0.1485827 -0.1447027 -0.1468335 -0.1458916 -0.1450508 -0.1382681 -0.1316648 -0.1335817 -0.1740262 0.0629550 0.0086667 0.0411555 0.1280691 0.2507085 0.0719746 0.0652038 0.0708410 0.0710546 0.0689434 0.0683920 0.0697619 0.0665479 0.3090628 0.3103843 0.3100096 0.6179599 0.2944286 0.3020521 0.3138252
-0.0311638 -0.0321808 -0.0334531 -0.1051223 -0.1073823 -0.0968312 -0.2226542 -0.2219609 -0.2225043 -0.2221769 -0.0159913 -0.0351103 -0.0335851 -0.1002072 0.1257259 0.1205728 -0.1181444 -0.1175070 -0.0351501 -0.0344900 -0.1163784 -0.1155895 -0.1048997 0.0748181 0.0843617 0.0727615 0.0755556 0.0743368 -0.1502303 -0.1451682 -0.1841428 -0.1811940 -0.1727217 -0.1517225 -0.1470433 -0.1476491 -0.1480637 -0.1472786 -0.1446880 -0.1379291 -0.1375744 -0.1753780 0.0570880 -0.0030140 0.0281710 0.1310141 0.2579907 0.0706316 0.0677935 0.0697070 0.0711995 0.0683798 0.0647128 0.0681595 0.0618020 0.3164088 0.3102527 0.3038515 0.2944286 0.6124240 0.3045445 0.2996668
